741328
533760208
2520013776
14555319760
7948904656
50942304464
26874575056
42162848464
32427889872
4511921360
30661517264
41708809424
32766072528
29839239376
49620264400
2203554768
4869028304
15073274064
53629712080
52871358416
52267206096
53605924304
35744159696
46961105872
51087163344
22090871504
33982351312
32903186640
19479302864
8048582096
13627964112
49286469584
34576530128
24383545552
48476208592
51140150224
5700376528
13692461008
41183186128
36104639440
33801278672
11612982992
16567326160
38526249680
32047097040
3046325200
11712205008
33466129104
43010536912
42812038096
8974987728
26147436240
9492338128
16852384208
25603849936
54438587856
35310382800
7346983632
53887555792
20354636752
38337447120
5191350992
28981415120
31938334416
33819333072
24612150992
49448979664
42501690576
3688967632
38086367440
42578175696
4217205456
36630260688
30461237200
6589260496
53737383632
21312778704
19166021072
649886160
31589650640
931208656
15977653456
50290291408
48294611920
29472643536
3835453904
34474386128
5380914128
1843727312
18498502864
10906213584
53103838160
1488427472
35387860944
8590198736
21804604880
46034576336
38478480336
52194217936
1054449104
50169727440
16029603536
33153300432
35938087376
22965889744
9502901200
24457796048
47395517136
36616981968
20900558800
49613981648
52221021904
20353306064
37379351760
24396323280
3135124176
21106419152
34210289360
33395435472
46652170448
46817852368
2485689040
44382558416
48928646608
49649230288
23058994128
21997009104
20942471888
25250356432
18087459280
42201124560
5445630416
48439454672
24677327824
41835250128
14721282256
18359804624
20125577936
37038245328
51504935120
50181307344
24367134416
36660190672
52010825680
32635170512
44671885008
39079598544
48670939088
27722961616
53049637328
17004877008
26316568784
22185672656
47698132176
36335616464
36481590224
32500600272
2322360784
35868311248
27268126160
52814400464
11257480656
33310887120
40318405584
13414182096
4445515216
37390142160
32165411280
33691529424
41675621584
8870827728
5693284816
8586428368
19089939920
412505296
24298574288
41837947088
16663093456
52937654224
45459139280
5951140048
30619049680
11132148944
52154151632
26747758800
5396192720
12844313552
30468552144
11856020176
27930952912
39180224720
12039688656
51090161360
24249443024
6463437008
17685520848
25510696400
41909090512
13345310160
9398769872
4024288464
6812123600
50575672784
35605008336
1313175248
18288356816
23224204752
31866561232
36683689168
14388694224
51601664464
10744337872
45635422672
23793085136
5132049104
40825104336
50990992080
7388610000
29317492176
1208571856
52056011728
10628076496
16468280528
21754443216
9918178256
50752033488
53502618064
15904715472
52315991504
34190369488
19053127632
28448706512
30175476688
19005886160
48975895248
29127202512
27823159504
16110019536
36511771856
54231375312
49740496848
34229868752
47492597712
51973948112
6083321552
16707635408
30466811088
10602459856
52565348304
50104119760
23333122512
1205251280
49665197008
34555032528
8905273552
30494278096
30378705616
1707568592
29546321616
2342622928
50457054928
4741200592
32119418576
576782544
33496095696
10045434576
33294486736
28510129104
19858694352
8505210576
15154178256
2798633168
51538136272
19545088208
872981200
28594933712
26376963536
11128845520
49775686352
5025263056
18480198352
52268013520
54187269584
17984372688
22519826896
15583942096
39523355088
40929359312
16972477648
2989029584
25000410064
1749220048
4994321360
50743225808
47161088464
31451483856
10533221328
2713608144
44861167568
11739896016
53403654864
53733308624
18378772944
33782768336
52826589648
20033693136
25422237904
32760021968
25482836176
21849729232
23983061200
32832718032
23282953680
19624740816
3681810384
32933148880
41052115664
50816002512
45019266768
16489222864
36832925136
12756494032
21779546320
27992413136
28890537424
21047441872
46287696336
2560686032
43839344080
39601664720
42771245776
34145565904
41335595728
36757454288
12958532048
3623772112
45686641616
6129676240
50083010768
8134648272
21054562256
51414372816
39517497040
36711564752
34459114704
48926537424
48130617808
20478980048
18782523088
51777629136
28356804560
18547119824
45910424784
3630411472
50466980816
11887839952
50841191632
8614384592
39218421200
39541154256
53744760272
26623959504
25342796752
30103441104
21681314256
11806375632
46727929808
46823542992
6582938320
49185416912
16359654864
52626062288
39277139664
27277399760
4950343888
19079445968
47397908432
38338715088
6104287952
31803443408
45779904464
18737878224
19633327056
9863903184
11673981648
5945309904
26421346000
43084219600
41322524880
27346443728
120952272
32544591312
33995909584
42665142480
12292241360
14763913936
49054614224
31263816656
39035983056
17267787728
51989141456
17022529232
39026170064
10202433488
37251606224
41501634512
47223281616
21689504720
17703509712
38462678480
40816881616
45070633680
53473399504
49408400848
13284943056
20475503568
16279457488
49425000144
25236436176
8064874960
25358826192
41644637904
41103626704
33362902736
23228600528
35031519952
24729927376
25165878992
11804751056
45558235088
22759073232
24218158288
38479475664
52910854096
26163047120
20732171728
37457386960
26040618704
41665809360
1806026448
45894929360
47014754768
35173319888
17743784144
12919220944
29860825808
10621446864
11694945488
21039274704
40407335376
22902583760
18463641296
40346933200
33954065616
12537485520
27716563408
48442927568
27177812944
42329933520
43647033040
10219813072
49764906704
51804965072
48038678480
8823712464
26311343312
18423332816
11324827600
27259638224
46703086544
28936392912
54063393232
37875496400
54374172624
43472464336
48153491920
36948340688
41314642896
21671415248
4679089872
41940748752
36139242960
4174764496
6072769488
9110149328
14381691088
46559406544
34568890064
18882699472
14822528464
36716025808
37671075024
16272879056
44688529104
51063347664
4943581904
14210817488
32612511696
28357537488
19074827984
44072959952
44181946832
13570403280
7842670544
28994792400
41569976016
41888115920
52784652496
44379992272
47081022928
28345346512
10297325264
51032636368
37372497360
19461155280
49523370192
41521822160
7217339600
15084901328
7460293584
26388624080
19524437200
40545304016
13157907408
38091934160
46586214096
53870327504
7950269392
51924914384
25320085968
13751676624
29277381072
26869625552
38599205584
30034299344
26440295632
2186906064
47423010000
1870795472
37987578064
25990873552
5849299920
11835206096
12944815312
48288770768
25267014096
30080977360
5507418576
38385881296
40063957712
48375908560
33465175760
42324129232
39467945680
1034585552
35867970000
27022427600
39534582992
49013450192
1625713616
25151787472
1658856656
49014776272
2580491216
3558027984
52891918032
12529081040
21665337808
303333072
235621584
6024398800
28824302544
27899376848
16445458640
5322683856
14458980048
47666409168
13495050704
8129864400
17610174416
25802313936
33709522128
89319888
9769274832
52623665360
37551351504
39154041808
47729040592
4048627408
24336163280
14360972752
31642204624
38770077136
43979719632
31589965008
1157553616
15322878928
15181019856
22124585168
3715140816
2390011344
30035665872
27424195792
1561389776
33379671248
35301929168
1260368592
34808613072
27860119504
42721219536
52667721680
14730853328
25250976464
18533882320
36379421904
13480458448
52164488656
34190416080
19086673872
52601999312
21951796944
42930765264
39917500112
52008533712
30984953552
1877693904
42954449104
2428816336
3434211536
18285124048
20896611792
46772135888
24110872016
15774408400
13035948240
4822381776
36028822480
33754116048
32196942288
1852806608
25035595984
27083082448
28665024976
22301625040
22101751504
41815951312
826134736
49406528208
11936642256
31437801936
682238928
342595024
28504227024
15609196752
3165658832
43091371472
46471872720
26085585360
19500753104
23492754896
7058470608
9781324240
6758190544
11743872464
1725648848
42564105936
48628026832
51367185872
5542897360
9389557200
51932213200
30575233488
34125539280
26916426448
17754802128
20852169424
14773630928
1509799888
50776000464
16217792208
5025998544
19009749712
51757652688
13973762000
25555706064
19775000016
2786337232
42685062352
26634549200
32967377872
11155941328
14743619536
34442646224
37069231824
19274163664
23971503824
24511407312
31454578640
12761465808
25359225040
41931808464
29702235600
5518594256
46432370896
52185320656
49189456080
19267855824
19429859024
26990065872
16234138832
16795567824
39237102032
52991353296
29581422544
27615291088
30067905744
50636903632
25150170320
494507216
28798908112
9615385808
50905665232
494328016
28669884112
25800202960
32189619408
51121381584
46728004304
46877180112
45201664720
38733651152
17753011152
19562666704
13529498320
32932147920
40331424464
22787775696
44883932368
28130552016
19268433872
19846053584
53944906192
7105876176
43913333200
38332782544
1832856272
10671354064
47628129488
40474729680
16885434064
49399746256
7053636816
6300994000
9808652240
26434350544
52447491280
19788111056
12226286032
21817126352
508987600
39224784592
44122796496
25523209936
50918836432
9977592016
38988892112
37903356624
19892485328
32834713296
24719543760
17689675472
28502025680
14024229072
7350949328
2201808336
3611597264
36920751056
21450107856
8960913360
16013891280
21840476112
17320814800
35627584720
17568171728
50101427152
21394444752
23424527056
12475474384
37609594064
26547636432
24931233488
6483133904
31867285968
37205499088
8304496592
34263255504
16990010576
15612737744
5715173072
24345972688
21423746512
44521794256
40096354256
17160371664
29190623952
18945547728
5532224208
1704887760
27616122576
30666577104
45351894224
37816796880
12110518224
47546401744
36171802576
27617688016
31793693904
38760261584
36912522192
15525325776
51860653264
33593128144
25367748560
48068742864
30470068944
12948116176
50665392848
45662405840
43220966096
30697904848
13366821328
24886810832
29039870160
19484914640
12089060816
32097067984
39025404880
9651501008
22367560656
15034346448
25601828560
52983197136
23708987344
53663736016
22827543760
18975889872
27378567888
23250347472
50689319632
8348641744
11506716368
49137454032
36367429840
4846172368
53158048720
40520030672
49502148304
26242062800
23082412752
38858418384
53044369616
13212124368
22587096784
9477212880
5962205648
38586281680
20729088464
35237436880
9366969808
35669290960
47596664528
17819958480
13223694288
30917439184
7808397520
4318215120
275121616
34464421840
52747675344
17756442832
22033476304
47198855888
4102980560
8929384144
47853904336
39409474512
13476393168
49237487056
53850158544
47969666768
13676328400
29567708368
17741084368
10975382224
48364210384
25042489040
32046082768
2316049360
31324085968
27888839120
8858294480
51210394832
1735445712
49617848016
463758288
6659679952
49898343376
38797271760
9018800336
3151465424
32872117712
51650723280
46066685392
7055952080
7967984080
10138441168
45718184400
28840480720
39547663568
3890416336
19506288592
27478306256
40520923856
50145240784
52940259792
47335148240
47692425424
32226755024
23317976528
44841191376
51898086352
6003902928
14067274704
38343804368
9768569552
52115863760
53721539536
9905029584
41284989648
321076688
13011025104
41418772432
42103632592
44333510608
13614224848
39394199504
2478387408
39125383376
27094969552
37223739856
21437849552
134934480
42611781072
28413076176
4521634768
37655171024
4821999056
35753264080
53516262352
25728602832
35178575824
21528058064
10544014544
10484723664
22336338640
47095543504
38800161232
11099220176
28445438672
27822631888
15730136016
35700880336
15799966672
31437904080
755782608
53294044624
29354984400
28202973136
16870591696
38713241296
3057914832
20056740048
42016014544
35789564624
25111605456
27268853712
53338237904
6633097424
30758923216
2758997712
23000607952
34500010960
23830793168
32281832144
8432454352
17310745552
28377726160
33610671824
37999198160
34357342672
